2	1	10	5	14	2	2	1	1	1	1	2	2	2	3	1	1	1	1	2	2	1	4	4	3	2	4	3	10	7	1	2	1	1	8	1	1	1	2	1	3	2	1	2	dwQEZBFen2GdihLLfWeexA	
2	1	3	1	1	1	4	1	1	1	1	1	1	1	1	1	1	1	1	1	1	2	1	1	3	1	1	1	1	2	1	1	QpRfQtlbwlmqUsq4DKjqqw	
1	1	2	1	2	1	1	2	3	1	2	2	2	1	2	1	5	1	1	1	1	Q9jOi1245KEyb-vehMUeFA	
1	1	1	2	1	1	1	1	3	2	2	3	2	1	1	5	3	1	1	1	1	1	1	1	3	5	1	2	1	1	7	5	5	1	4	3	3	2	1	1	1	4	1	1	1	1	1	1	1	1	4	2	WdE3GQf5RDnl5Pmji5S5Iw	
1	1	1	1	1	1	1	1	1	1	1	FxVZE_tK48By-34URIacLg	
1	5	7	2	1	1	2	4	3	1	1	1	2	2	1	2	2	1	2	2	3	1	1	1	2	5	1	1	1	1	3	2	1	1	1	1	3	4	2	1	1	1	1	1	1	3	2	2	1	4	3	3	1	wo41OdU_iUwFofsBnVf6uw	
1	1	1	1	1	1	F_ylMGAY1khjuuvMd5pgsQ	
2	2	1	1	6	2	9	2	1	2	3	2	1	2	1	2	3	1	3	1	1	3	4	3	2	1	3	1	1	2	1	2	1	1	2	1	2	1	1	O54jXbKjZte4qVYabYjGjg	
1	2	1	1	1	1	1	1	2	2	1	1	1	3	1	1	2S-NV3clYHDbDEmqT8fuGg	
1	1	1	1	1	1	1	2	1	nvJjfEPYFXj8sJZcbt0k-Q	
1	1	1	1	1	1	1	1	5	1	1	4	2	FhorgXn87xro7G9m-fXIwA	
1	1	2	2	1	1	1	1	1	1	2	1	1	1	1	1	4	1	1	1	2	1	2	1	1	1	1	1	1	1	1	3	OhMtEGOGXUqz05avA4b-1Q	
1	1	1	1	1	1	3	1	1	1	1	1	1	1	1	1	2	1	E8Ck06nR4NdThguOCDXpcw	
2	1	1	1	1	1	3	2	1	1	2	2	2	2	3	3	1	1	1	2	3	3	1	4	1	1	1	2	1	1	2	1	1	2	2	1	2	3	2	4	3	2	2	1	1	1	1	2	2	1	2	1	2	2	1	dsq1nprmAXzwaOAFVfBE-w	
1	1	2	1	1	1	1	1	1	1	1	1	1	1	2	rgQHBUjpq-1q5zKrMjzwgw	
1	2	1	1	1	1	2	3	1	1	2	1	1	1	BV_ywDG0HJYWyFFXG8ssvQ	
1	1	1	1	1	1	1	1	1	1	1	1	63lBTe-rgqR_LcAOh_xuPQ	
2	3	2	10	2	3	4	6	12	4	1	3	1	2	6	3	2	5	3	3	1	1	6	3	8	10	4	4	4	10	1	3	5	2	2	3	9	6	3	5	10	18	12	6	1	2	4	3	2	2	5	4	10	2	1	5	1	2	3	4	4	2	4	8	2	5	3	2	1	4	5	8	5	6	7	1	2	6	3	4	7	8	7	1	2	4	5	9	7	4	6	9	18	4	2	10	2	4	5	5	3	3	9	3	4	14	14	3	4	3	6	6	8	6	2	3	5	1	fihcqcjpMWTSGiR_dWLOcw	
2	1	1	5	3	1	2	2	4	3	2	1	2	3	2	2	2	1	1	7	1	1	6	1	2	1	2	2	4	5	1	4	1	3	1	1	1	1	1	1	3	4	2	GCr0eTVnVzFE72c-VJezoQ	
1	2	2	3	1	1	2	1	10	2	1	2	3	3	10	1	1	2	1	3	2	2	1	2	15	8	4	9	6	4	10	7	1	1	1	1	1	9	4	1	6	14	2	8	4	14	10	2	4	1	1	4	1	1	8	7	1	2	2	5	1	3	4	2	2	3	1	1	1	5	8	4	1	nIJr76IGIGS3nkmieY3Vow	
3	4	1	2	1	1	1	1	1	1	2	3	4	1	1	1	1	1	2	2	1	1	1	3	1	2	1	2	2	3	3	3	2	2	2	3	1	1	2	1	2	3	1	1	2	1	1	1	1	1	1	1	1	2	1	3	1	3	2	2	1	1	2	1	1	1	1	2	1	1	2	1	4	1	1	1	1	1	1	2	1	2	1	2	1	DSlSSiVcLPz31qZemVEd-A	
1	3	6	5	3	5	1	1	2	1	1	1	1	1	1	1	1	3	1	3	1	5	1	1	1	2	3	2	3	2	3	6	5	1	1	1	4	4	1	4	1	1	2	1	1	1	2	1	1	1	1	2	2	1	4	1	3	5	1	6	1	3	2	1	1	1	1	1	4	2	4	6	1	5	3	6	2	1	1	2	2	3	2	1	3	7	4	2	4	2	1	1	1	1	1	w1Dt_Dsbm40IgdVERLv5sQ	
7	9	11	6	1	7	11	8	5	1	2	8	9	4	9	7	6	2	2	6	8	2	1	TPJO55zWyo2CeeXQvOre8A	
3	2	1	3	2	1	1	2	1	2	2	2	1	4	1	1	2	3	1	1	2	5	5	1	1	1	2	2	1	2	3	4	1	2	1	1	1	1	2	1	1	1	1	1	1	2	2	1	2	3	4	3	3	4	4	2	8	4	3	1	11	7	1	2	5	1	2	1	2	2	1	4	1	1	jhazCCMoDaLn-RqvvtKXbQ	
4	2	4	6	3	3	1	3	1	5	3	1	1	1	2	1	1	3	7	2	8	3	3	3	3	5	3	2	12	2	2	9	1	1	1	1	3	5	2	5	2	1	1	1	3	1	1	1	1	1	1	1	5	3	3	7	2	1	4	1	4	2	3	2	1	1	2	1	1	2	2	1	1	3	3	1	1	8	7	1	4	4	4	1	1	2	6	3	3	3	1	1	1	4	1	2	3	3	4	4	3	2	1	1	1	2	5	4	3	1	2	1	1	1	1	2	2	3	4	7	3	3	2	1	1	1	2	1	1	1	2	1	5	2	1	_U7btRgwidF6mYsexgVClQ	
1	3	3	7	2	13	24	27	1	9	2	29	31	17	6	3	3	1	2	1	1	1	1	1	14	1	1	1	1	1	8	32	25	16	4	5	2	1	1	2	2	1	22	26	6	15	1	1	1	1	9	6	1	1	1	11	19	5	26	2	1	1	1	4	12	12	29	5	3	1veVZUawy7IhIc5oDpRRQA	
1	4	5	2	5	4	2	3	2	1	5	6	4	3	2	4	6	2	1	2	3	1	1	6	6	4	9	2	2	3	2	3	1	4	6	1	1	1	1	1	2	5	3	1	4	2	5	4	1	2	2	3	8	3	1	5	6	3	1	1	4	5	5	3	3	1	CZ1NjI_Kyg_V3ol3se2fQg	
2	1	2	2	1	3	1	2	1	4	2	2	1	2	1	1	3	2	1	1	3	1	1	2	1	1	1	1	1	2	1	1	1	1	2	2	1	1	2	zH3HFpkJZ9EmWMRhw1oypA	
1	2	1	GzHhdq5fZbFLhbWRYMCDcw	
1	1	1	1	1	1	1	1	2	1	1	1	1	1	1	2	1	1	2	2	1	2	1	1	1	3	1	U4XMUPX3qbkBm2wCmH-gcw	
1	WttyGpOkiv0DDI0Pp2erVA	
1	1	1	1	1	MtjwVcFHvtogmJZ7De8M9Q	
